0,2980.284981298388,-6.613741310968907e-17,6.307019950803484e-17
1,2983.0301036974315,8.998858777570938e-17,6.42987437959993e-17
2,2999.501339553785,1.0238447576039302e-16,4.857972254578306e-17
3,3007.737276993757,7.723685451382982e-17,5.05725906191253e-17
4,3010.4826363855136,-1.7913551834193818e-17,4.594479606420173e-17
5,3013.2280191273,-5.8080806926736125e-18,5.516207486543394e-17
6,3018.7188544068736,-3.80049974274021e-17,4.4704717719057366e-17
7,3021.464306817604,1.911061448452873e-16,4.67523405634041e-17
8,3024.2097823242498,1.019772424688151e-17,4.641580075610122e-17
9,3026.9552808632693,3.331856824944861e-17,5.2484243772654426e-17
10,3037.937504072055,-7.731368153214998e-17,3.813643676735897e-17
11,3040.683116819626,9.16565142049914e-17,4.917327779136125e-17
12,3043.4287522182067,8.04141789714068e-17,4.366402928549427e-17
13,3046.1744102042176,2.880088226086654e-17,3.870103848839403e-17
14,3054.4115190509656,1.3994074057825403e-16,4.1194923254918123e-17
15,3057.157266750804,1.4822637773355618e-16,4.238521074459713e-17
16,3059.9030367200985,9.313493533028241e-17,4.221564360279439e-17
17,3062.648828895239,8.340276662984687e-17,4.178680276628591e-17
18,3065.3946432126104,-4.6985195905391194e-17,3.732104404732053e-17
19,3070.886338019557,1.0312521003234548e-16,3.94293843400834e-17
20,3073.6322183818747,-5.84758093064528e-17,3.1334948036394556e-17
21,3076.37812063191,8.807397970057279e-17,3.4822231305682175e-17
22,3079.12404470602,1.3927835646474484e-16,3.740694176018814e-17
23,3081.8699905405597,1.0340259408666136e-16,4.463820854370886e-17
24,3087.3619472363166,4.1073383765082073e-17,3.1739929667581255e-17
25,3090.1079579702155,5.847818216862431e-17,3.4777506245618464e-17
26,3101.09221532701,4.505838132006969e-17,3.118047930962882e-17
27,3103.8383329531125,2.7187514776967965e-17,3.2905155905816035e-17
28,3109.330631703782,-2.2113254079369038e-17,3.142332030494144e-17
29,3120.3154814153063,2.4118265008208245e-17,3.443544841931344e-17
30,3125.808031356747,-2.2457951923363088e-17,3.902034888944207e-17
31,3131.300664008901,1.3895438240596277e-18,3.359446935994876e-17
32,3145.0326041522403,2.5521145752945668e-17,3.246159720451314e-17
33,3147.779053130247,-9.662680238904318e-18,2.8508744701710335e-17
34,3150.5255222759174,1.0696273903858162e-17,3.218975646971319e-17
35,3153.2720115254792,4.2223794824107905e-17,2.999632773593501e-17
36,3156.0185208151543,-3.1119261938336266e-17,2.6549329611521908e-17
37,3161.511599259707,-1.8634054567219537e-17,2.6306528513500473e-17
38,3164.2581682870064,4.940197951365063e-18,2.676265087124479e-17
39,3167.0047570992606,2.4939328972397345e-17,2.5340983967688488e-17
40,3169.7513656326687,8.243710451107617e-17,2.6869275158112957e-17
41,3175.2446416077178,5.5347838551566104e-17,2.8295148835106786e-17
42,3180.7379957016537,7.036447203274046e-17,2.7399741968511802e-17
43,3183.484701883653,5.780837091530088e-17,2.6213445792457085e-17
44,3186.2314274039036,2.542114244229424e-17,2.77261636016265e-17
45,3188.978172198572,8.51876652319978e-17,3.4259988562588666e-17
46,3191.724936203821,1.4142347199208222e-16,3.852252544506152e-17
47,3194.4717193558085,4.9899667153990544e-17,2.803493079790295e-17
48,3199.96534284461,2.9298180043385536e-17,2.989750962724533e-17
49,3208.2059200820468,6.374350288593633e-17,2.2879669740313892e-17
50,3210.9528167735366,-2.4781212968160246e-17,2.2299831076955437e-17
51,3213.6997321647473,-1.0491937551007697e-17,2.3929373360829767e-17
52,3216.446666191801,-2.328569924367806e-17,2.2315460078017933e-17
53,3219.1936187908173,8.265066516431698e-17,2.5940728516800674e-17
54,3221.9405898979094,1.2247395057138995e-16,2.9755701118634204e-17
55,3227.434587380757,-4.9120573404177015e-18,2.281861138360838e-17
56,3232.9286581291703,8.417547767508781e-17,2.5005463455165617e-17
57,3235.675720818203,8.688722364280978e-17,2.971864080551924e-17
58,3238.4228016319066,7.801324262400464e-17,2.5562422055386168e-17
59,3241.169900506365,4.9105121915031186e-17,2.5169973124990962e-17
60,3249.411304855045,6.413274400200713e-17,2.2871636823877398e-17
61,3252.1584753332786,3.2164934572978234e-17,2.1569117071348567e-17
62,3254.905663552626,1.3516609806755598e-17,2.108705638910978e-17
63,3257.652869449143,5.993672734548624e-17,2.7276413483566153e-17
64,3263.147334017909,3.4094504048978855e-17,2.55525394720224e-17
65,3265.8945925622547,-9.780040854911564e-18,2.2763328216694034e-17
66,3268.6418685279673,3.160263596046925e-17,2.211307231103744e-17
67,3271.389161851085,6.273426953418061e-17,2.4594056375867536e-17
68,3282.378507438243,5.2935576750388566e-17,2.2564263177855234e-17
69,3285.1258865888267,9.869785758047244e-17,2.4942742146892726e-17
70,3287.8732827129625,-1.2385462292424056e-17,2.2070919792713745e-17
71,3290.6206957466616,1.2934057138541069e-17,2.2085919519271625e-17
72,3293.368125625931,4.8896241331790346e-17,2.1846954603765786e-17
73,3296.115572286772,2.0516707818561154e-17,2.1788337125855068e-17
74,3298.863035665185,1.2771768847563177e-18,1.9955944080611724e-17
75,3315.348163420099,4.6011258477327624e-17,2.6003649808646725e-17
76,3323.590947799482,1.6257810492426123e-17,2.1669388814436093e-17
77,3329.0862178791976,2.050642842223619e-17,1.9648724485907657e-17
78,3331.8338768749636,7.525725798652325e-18,2.2123753117476768e-17
79,3348.3201621968333,-6.8289487583648596e-18,1.802331836121793e-17
80,3351.0679310437627,1.8093018512533704e-17,2.2699074443033566e-17
81,3356.563514983781,1.515816490587597e-18,1.914117661967563e-17
82,3359.3113299487063,-1.8771879522547513e-17,1.8587314426584065e-17
83,3367.5548660540885,4.507809767273985e-17,1.8673916714188548e-17
84,3370.3027416124364,4.208805558070214e-17,2.039871252065384e-17
85,3375.798537629361,4.387686094409266e-17,2.2082381818170567e-17
86,3381.2943930858723,1.7497956598720178e-17,2.106946420609028e-17
87,3384.042342943691,4.9725911755490666e-17,1.9380139135543417e-17
88,3392.2862802659656,1.1837685379259303e-16,2.074001430623431e-17
89,3397.782310963564,-2.3203612196696318e-17,2.16755616232041e-17
90,3403.278399048786,2.0876753466605946e-17,1.981961862062858e-17
91,3406.026464451405,3.792441923126928e-18,1.708026206424825e-17
92,3414.2707453295375,1.8212062849275564e-17,1.868245464659503e-17
93,3417.018866965165,3.330904462390162e-17,1.9936957143447058e-17
94,3425.263315002573,5.983968191960173e-18,1.5776586394071376e-17
95,3428.0114918446657,3.7639106278068997e-17,1.8191814932601933e-17
96,3430.759682327953,5.985988498100955e-17,1.843009831168706e-17
97,3433.507886388261,7.763494417183591e-18,1.7150927249680086e-17
98,3436.2561039614093,3.0393105641383767e-17,1.7000549060949058e-17
99,3439.004334983218,8.889018238533369e-17,1.9559560868039805e-17
100,3441.752579389502,9.969047172167053e-18,1.8589031399476112e-17
101,3447.2491080987425,9.07722796941949e-18,1.7174709846428805e-17
102,3452.7456895755927,4.6647844051277976e-17,1.9308908337927344e-17
103,3455.493999941377,2.187469268202141e-17,1.6281922241715768e-17
104,3463.7390087777194,1.1495900265878258e-17,1.4996471190897898e-17
105,3466.487370755467,1.764037481573777e-18,1.5256335265544476e-17
106,3471.984132874124,7.41094599774151e-17,2.0291525823474666e-17
107,3482.977807965878,1.9343636854546533e-17,1.7510161885279525e-17
108,3488.4747199113194,3.861483118033051e-20,1.6572741871985602e-17
109,3491.223194259109,-3.564388867715923e-17,1.717349929587607e-17
110,3493.971680771289,1.4358635923145418e-17,1.8783611759615004e-17
111,3496.720179383617,3.5008982199291146e-17,1.6463629285166804e-17
112,3499.4686900318447,1.0081573431553866e-17,1.7582351980100628e-17
113,3504.965747178997,3.5191426826199314e-17,1.904131843711858e-17
114,3515.9600030769143,5.0336461040655074e-17,1.5923110152074072e-17
115,3521.457200799481,-9.880355833207853e-18,1.4027965978826413e-17
116,3524.205816879226,2.230921560929732e-17,1.5920790330080537e-17
117,3526.954444352247,-1.4325998344061537e-18,1.4150260487237546e-17
118,3529.703083154267,2.9161865088021653e-17,1.4727357410231763e-17
119,3532.4517332210053,5.586635374597224e-17,1.530794002023285e-17
120,3535.20039448818,2.0735189757530225e-18,1.5495152889817252e-17
121,3540.697750366693,5.599716951354625e-17,1.7778595140302785e-17
122,3543.4464448494546,3.7251355719725916e-17,1.6799992006738226e-17
123,3548.943866580519,1.632079310905334e-17,1.4609269246211216e-17
124,3551.6925937002297,3.4673077025669905e-17,1.5252647532590885e-17
125,3554.4413315703255,3.175985633716664e-18,1.557573806836561e-17
126,3557.1900801265033,-2.915673587332063e-17,1.395366292570383e-17
127,3559.938839304458,-1.4951069964622466e-17,1.4964801524467304e-17
128,3565.4363892684605,1.4177719257683778e-17,1.5632850873251756e-17
129,3568.1851799258848,-2.9893970481970166e-17,1.3047410312524336e-17
130,3570.933980947839,2.816877282027037e-17,1.4508065324368558e-17
131,3573.682792270004,2.062165686583116e-17,1.6021684528172658e-17
132,3576.4316138280597,3.410758147494028e-17,1.4962457074474153e-17
133,3579.1804455576835,-5.311361635417219e-18,1.693085377637962e-17
134,3590.17587290532,7.521972968459938e-17,1.5424040733203884e-17
135,3592.92475452786,3.0503750987845577e-17,1.5695854578228317e-17
136,3595.6736459359813,9.67859618886312e-18,1.4618343037840586e-17
137,3601.1714578516116,7.514551479474012e-18,1.2745127891902427e-17
138,3603.9203782304344,1.5628809463677764e-17,1.3049193353474905e-17
139,3606.6693081374697,1.3130284995106109e-17,1.6592973236090126e-17
140,3609.418247508369,3.707971712424976e-17,1.519470627405277e-17
141,3612.1671962787814,6.817782881908319e-17,1.6238652155890102e-17
142,3614.9161543843543,1.082232801708386e-17,1.3938966466311693e-17
143,3623.1630840684807,3.2170989809311317e-17,1.49460757012879e-17
144,3625.912078871128,5.640828926786573e-17,1.644723000813549e-17
145,3628.661082687141,-8.972792151074548e-18,1.495225469431095e-17
146,3631.4100954521537,7.293926835681537e-17,1.6183996473399766e-17
147,3634.159117101799,4.9147101189720056e-17,1.5445874001524618e-17
148,3636.908147571707,7.599692193605394e-17,1.3861004747582068e-17
149,3642.406234714824,1.008035943890804e-17,1.2914746409247732e-17
150,3645.155291259282,2.2646862887555197e-17,1.5180023471545036e-17
151,3647.904356366505,3.055346548805483e-17,1.434721351853269e-17
152,3650.653429972111,4.077656051926625e-17,1.5671290358872273e-17
153,3658.9007011354065,-7.207429769056465e-18,1.2644174273018933e-17
154,3664.3989232224712,5.19426699984044e-17,1.4572154850783005e-17
155,3667.148046466295,6.21290666589888e-17,1.4817753219689206e-17
156,3669.8971777577894,2.1347625676056634e-17,1.28386664114974e-17
157,3675.3954642262056,1.925416260265342e-17,1.2875946134187785e-17
158,3678.144619274332,1.1605802722356716e-16,1.7122581523207996e-17
159,3686.392130901564,4.362009333814536e-17,1.496926951147675e-17
160,3691.890510078049,1.0236301494615904e-16,1.5543965966713957e-17
161,3694.6397109005657,8.275373624301938e-17,1.6263164589215747e-17
162,3700.13813469209,2.929495505851522e-17,1.1668676903510345e-17
163,3702.887357532269,1.1646698751832325e-17,1.1701292748640176e-17
164,3705.636587582838,5.4845667064624225e-17,1.3816507018238657e-17
165,3708.385824779378,3.675077801853441e-17,1.1996465669290656e-17
166,3711.135069057468,3.096325469387575e-17,1.2726772824695624e-17
167,3716.633578600613,8.196832484034127e-18,1.2445745920081809e-17
168,3719.382843736819,2.695585157511397e-17,1.2212243103214645e-17
169,3722.1321156968784,8.228103809008085e-17,1.443946555359857e-17
170,3724.881394416363,2.400965713440777e-17,1.2795559257421004e-17
171,3730.3799718758896,3.062644639375062e-17,1.2798127903700957e-17
172,3733.129270487066,4.6319907792667856e-17,1.349114694197286e-17
173,3738.6278871500726,2.3994071384769277e-17,1.4017696820949682e-17
174,3741.377205073029,5.610233464667051e-17,1.4187900670731618e-17
175,3749.6251964344383,3.669269530882821e-17,1.1714482925257333e-17
176,3752.3745392042815,4.3040863174002835e-17,1.2206207857344149e-17
177,3755.123888024738,4.915718615822406e-17,1.2305520313473358e-17
178,3757.8732428313606,1.2400403298028814e-17,1.2083025981772787e-17
179,3763.3719701453138,1.2117407721085422e-17,1.117775896150436e-17
180,3766.121342523745,3.349208147963641e-18,1.0345412599298145e-17
181,3774.369493771429,4.733839936079868e-17,1.1297046025879209e-17
182,3777.118888676605,6.477242237437513e-17,1.2499169265860317e-17
183,3779.8682890523287,-1.9266707506542456e-17,1.141165297182514e-17
184,3790.8659439715034,2.6719373998707658e-17,1.2541096728323185e-17
185,3799.11423944304,1.4871195819358854e-16,1.5053389597045026e-17
186,3801.8636812625305,8.682410659936087e-17,1.1834584135565785e-17
187,3804.613127972398,5.3486526775867127e-17,1.3656169985786255e-17
188,3807.3625795081734,1.367859451599542e-17,1.0634439206583269e-17
189,3810.1120358053854,-4.3384938540760894e-18,1.1317226681094957e-17
190,3815.6109624262344,1.317899037455842e-17,1.0000667174469766e-17
191,3821.10990731916,-2.5454834928476143e-18,9.640853952754883e-18
192,3823.8593864564623,-4.340987023062546e-18,9.30118327137446e-18
193,3826.608869968358,2.4041827531346484e-17,9.805977171491582e-18
194,3829.3583577903664,7.057677245092877e-18,1.035945903436042e-17
195,3832.1078498580105,3.368655242631943e-17,1.0966936595777616e-17
196,3834.85734610681,1.540765726337387e-16,1.1566972656332832e-17
197,3837.606846472282,1.7309723179444152e-16,1.2945351588479793e-17
198,3840.3563508899474,4.959626688509601e-17,1.0527287005501944e-17
199,3843.1058592953223,1.5163038285366428e-17,9.537584788890855e-18
200,3845.855371623923,-2.579123633836014e-19,8.611024272142821e-18
201,3851.354407792862,1.557880129541784e-17,1.1929331507836017e-17
202,3862.3525243720624,2.160468903508889e-18,9.048617115610518e-18
203,3865.1020623576223,8.801226596354898e-18,9.116431741396744e-18
204,3867.8516037505065,1.3673024485089413e-17,8.706179603358789e-18
205,3870.601148486223,1.662401097332148e-17,9.100155060563512e-18
206,3876.100247728184,-2.3360382264567062e-18,9.02753224474766e-18
207,3884.348920050036,4.386248250799488e-17,9.093150133607464e-18
208,3887.098483488383,1.457286885025674e-16,1.0836997197954532e-17
209,3889.848049818101,3.074662775109141e-16,1.2300165965989809e-17
210,3895.347190893659,4.2358792369059315e-17,9.715497871582581e-18
211,3898.096765510504,4.0894295986439064e-17,9.501944822275456e-18
212,3903.595922579825,2.0287647909372924e-17,8.450866725346937e-18
213,3911.844676805383,3.326242004405446e-17,1.007305422206804e-17
214,3914.5942662549824,2.268968976862257e-17,9.533431458914384e-18
215,3920.093451828788,3.81905893172529e-17,9.464610861661089e-18
216,3922.843047823986,-1.0120988706478244e-17,7.591936170080056e-18
217,3928.3422459084527,1.4058338550893878e-17,8.601367268757068e-18
218,3931.091847868711,1.5170397192882313e-17,8.580394871671333e-18
219,3933.8414516883113,1.6972368029495458e-17,8.123468018276912e-18
220,3936.5910573027486,-4.206425828778485e-18,7.407666953619247e-18
221,3939.340664647515,-1.1295617712711926e-18,9.861654155012314e-18
222,3942.0902736581047,-8.83547561010559e-18,7.991373148361845e-18
223,3944.8398842700103,-4.796304407015779e-18,7.96210409109661e-18
224,3950.339110039736,3.7351230049302555e-17,8.055159690192346e-18
225,3953.088725068539,1.581662058096779e-17,8.077969230190414e-18
226,3955.838341440626,-8.276530317497706e-18,7.404737128239983e-18
227,3958.587959091486,-1.802016853629251e-17,7.1426052830315e-18
228,3961.33757795661,9.777410733486829e-18,8.164730682328617e-18
229,3969.586441192469,3.166938496207294e-16,1.0171518637389186e-17
230,3977.8353130343417,1.9699324925884265e-17,8.338831263498958e-18
231,3988.8338192001297,-1.2114770647889354e-18,8.405113226812602e-18
232,3994.333075568943,6.157718170652501e-18,8.482661300924672e-18
233,4005.331592297935,2.4720038532025788e-17,7.292233388927856e-18
234,4008.0812219353975,2.5594295547441645e-18,7.3492538566639e-18
235,4010.830851625921,-3.4764925723933644e-18,6.9091735842188026e-18
236,4013.5804813049936,-1.8914043245310106e-18,6.660115500738944e-18
237,4016.330110908103,-2.1291595501480364e-18,6.915882250667041e-18
238,4024.578998616532,2.7444826180206633e-17,7.32022540882612e-18
239,4027.328627270668,1.9571962716456106e-17,7.532145645368861e-18
240,4030.07825552628,1.3507453300569047e-17,7.75679473569064e-18
241,4032.8278833188574,-4.700745686489133e-18,8.248881713634654e-18
242,4035.577510583887,-2.6021483036499373e-18,7.5902055713119e-18
243,4043.82638856858,-4.788910169608718e-18,6.179775184194435e-18
244,4049.32563673793,3.3030232730933617e-18,7.359889407212865e-18
245,4052.0752594829382,1.0643057001188149e-17,6.766276379279141e-18
246,4057.574501971071,-7.369101884560022e-18,6.709867873993914e-18
247,4060.324121585174,3.393825643191728e-17,7.911937219645433e-18
248,4063.0737400266216,2.5215900605661218e-17,7.230729939907544e-18
249,4065.823357230905,1.5224137946637568e-17,8.05444396400788e-18
250,4076.8218123862066,9.1071896929949e-18,7.581240437987495e-18
251,4087.820242586188,9.574738368983129e-19,6.184071701855611e-18
252,4090.5698457531103,1.478369073457732e-17,6.897093394379186e-18
253,4093.3194470377903,5.252935494689129e-18,6.897918211259439e-18
254,4096.069046375723,3.152754468006606e-17,7.60495767496303e-18
255,4101.568238953325,4.445167003348095e-16,9.809704637331046e-18
256,4104.317832063987,3.1647428150073324e-16,1.0706666029121685e-17
257,4107.0674229698825,1.0212627441578394e-16,7.339999513593476e-18
258,4109.817011606512,5.0584498527122085e-17,7.101884239525464e-18
259,4112.56659790937,8.566445161352236e-18,6.298088245301892e-18
260,4115.316181813955,-1.5482511612264636e-18,6.233044452331785e-18
261,4118.065763255767,-3.0831359896884982e-18,6.24028922849478e-18
262,4120.815342170303,-6.937250014127728e-18,7.126856913640148e-18
263,4126.314492159549,7.475561928085983e-18,6.0187752924508494e-18
264,4129.064063105261,-6.432222194694744e-19,6.5302649896666586e-18
265,4131.813631265702,-6.051520964723615e-19,6.7259648104559e-18
266,4137.312758972774,3.017487486045385e-17,6.656459868921993e-18
267,4140.062318390412,1.5171705600155842e-17,6.7390275025252244e-18
268,4145.561428031418,-5.655116276838243e-18,6.0649488459005904e-18
269,4148.310978125794,1.5897411410803472e-17,6.542519610757926e-18
270,4151.060524983429,1.0761887288381807e-17,7.203622117712819e-18
271,4153.8100685398285,1.5823235585377138e-17,6.936456785958794e-18
272,4156.5596087305,1.8190625620060832e-17,8.664257571110115e-18
273,4167.557734546111,1.9898478134756857e-17,7.346307987766009e-18
274,4170.307256940797,-4.620402383305534e-18,6.023787277533904e-18
275,4173.056775582822,1.1703799835642284e-17,6.4343748129615594e-18
276,4175.8062904077,-2.618967286114641e-18,6.187218246741349e-18
277,4181.305308348069,8.863082198570796e-18,7.196800062997369e-18
278,4184.054811334595,-2.5048732639824737e-18,6.2741688043589524e-18
279,4186.804310246037,3.1622702990171165e-18,6.5213697210977715e-18
280,4189.553805017915,3.88307896530978e-18,6.2200388752578136e-18
281,4192.303295585746,-1.5540058892375506e-17,6.467812106790628e-18
282,4195.052781885054,-1.2198610866413737e-18,5.926697879210347e-18
283,4197.802263851357,6.526509739417478e-18,7.909591171046884e-18
284,4200.5517414201795,1.0493459449395817e-17,7.276952345698571e-18
285,4208.800147097,1.9110757242308028e-17,6.814808858835106e-18
286,4214.299061045434,4.9414960279429215e-18,6.244084123145437e-18
287,4217.048510875401,-9.588518970138576e-18,5.763743491888553e-18
288,4222.547395924482,-3.233260462301333e-18,5.8605112626717586e-18
289,4233.545105774152,2.077111913380635e-17,7.204953504462215e-18
290,4239.043929543303,-4.4215051245975075e-18,6.8515894168908084e-18
291,4241.793333413342,1.9865307797205645e-17,8.670201001375896e-18
292,4250.041512191799,-3.3672970526891613e-18,5.9851329232494914e-18
293,4252.79089395921,6.280166036286241e-19,6.049340834181572e-18
294,4255.540270039825,-4.33938323863608e-18,5.5073476259992996e-18
295,4261.039004882861,7.80453549213134e-18,7.232381515512696e-18
296,4263.78836351638,-1.8364176778955166e-18,6.835043573903102e-18
297,4266.537716205302,9.598825290365853e-18,6.1294420879257634e-18
298,4269.287062885178,9.980314295967505e-18,6.022504364552146e-18
299,4272.036403491562,6.0100730963817945e-18,6.2456783035847675e-18
300,4274.785737960011,-9.74903807737313e-19,5.4565174384621296e-18
301,4277.535066226083,1.0526987854192285e-18,6.63556586344376e-18
302,4280.284388225334,-3.271277117662302e-18,6.21274192330687e-18
303,4283.033703893325,2.013343726931896e-17,6.909860743265716e-18
304,4285.783013165618,2.3264865018852657e-17,8.568562302491903e-18
305,4299.529461336364,9.44498581113468e-18,7.322199827159381e-18
306,4302.278730881342,1.2206024578216657e-17,6.993186912394148e-18
307,4305.027993579594,-8.820322997220364e-19,5.910265625316561e-18
308,4307.777249366695,1.5157472493544238e-17,5.917985542577917e-18
309,4310.52649817822,5.7380064093905025e-18,5.686134245614366e-18
310,4316.024974616852,2.188076685993116e-17,5.985808436206551e-18
311,4321.523422380127,7.888745785020576e-18,6.022543434691346e-18
312,4324.272635347462,5.4954691704374926e-18,6.004162722993051e-18
313,4329.771039131454,5.6367317184270985e-18,5.8411347586069625e-18
314,4332.520229819288,1.5416059021988178e-17,6.175650753000107e-18
315,4335.269412951801,4.596338223071814e-17,6.6298235677975304e-18
316,4338.018588464584,1.807913128017841e-16,7.311602942253342e-18
317,4343.516916373345,3.099527410392122e-16,9.233168175165837e-18
318,4346.266068640516,1.335765515489645e-16,7.109369656352178e-18
319,4349.015213030346,3.984890757836802e-17,6.0074875475690866e-18
320,4354.513477920394,1.4673430016098912e-17,5.6479123169299794e-18
321,4357.262598291819,1.5800723398369678e-17,6.03068490672358e-18
322,4360.011710528322,4.530264263302086e-18,5.342183544332031e-18
323,4365.509910338997,7.343308233698086e-18,6.8321448769936505e-18
324,4368.258997784393,9.314966545416844e-18,5.5380832328459715e-18
325,4371.008076837314,3.546434865065191e-18,5.763682735373451e-18
326,4376.506209508203,-9.945256801932332e-18,5.518352844012413e-18
327,4384.753343961463,-1.4236680237542722e-18,5.032772598555325e-18
328,4387.50237130756,2.4708111763070092e-18,5.820212709895619e-18
329,4390.2513898105435,2.138385256086968e-17,6.856087642713038e-18
330,4393.000399406044,-4.1895386053516124e-18,6.2158445646629364e-18
331,4398.49839161713,-1.998647117688564e-18,4.997658843230301e-18
332,4401.247374103989,1.1497440472985575e-17,5.488671075696349e-18
333,4403.99634742591,1.1604653063000464e-20,5.437363329532581e-18
334,4409.494266317509,1.1856736862703657e-17,6.070879228798069e-18
335,4414.992147777084,1.781343356657765e-17,6.04829316703912e-18
336,4423.238898655279,2.301111387102066e-18,5.370544631156841e-18
337,4431.485562415802,1.248796114715438e-17,5.534482738780322e-18
338,4434.234430676243,-9.112351096984446e-19,5.174997372951986e-18
339,4436.983288999592,-1.4934230364061136e-18,5.23856012368975e-18
340,4439.73213732152,4.5564027728354714e-18,5.1512516440493396e-18
341,4442.480975577695,1.3384344883703372e-17,5.588009800020864e-18
342,4445.229803703792,-3.7637898635684056e-19,5.074716490778163e-18
343,4447.978621635486,1.974240830934561e-17,5.2489189060742145e-18
344,4450.727429308456,1.1812063425340636e-17,6.503132514747035e-18
345,4456.225013620944,2.6001890937463998e-17,5.867669133887573e-18
346,4458.973790131832,9.216152007824609e-18,5.2583476368944756e-18
347,4464.471311541334,1.3158186359940917e-17,5.534971261026252e-18
348,4472.717513660292,3.736554455055217e-17,6.00621526484009e-18
349,4475.466226110655,5.73838812347278e-18,5.163712350796609e-18
350,4480.963618241658,3.184388350751806e-18,5.724510460743202e-18
351,4486.460966251081,1.1316598350512977e-17,6.225487046985381e-18
352,4489.209623549478,1.3458610197243565e-17,5.9883477964322644e-18
353,4491.958269624617,-1.1440055392007626e-18,5.819302272560688e-18
354,4494.706904412219,-5.804542466252106e-18,4.811424286363113e-18
355,4502.952740407016,7.670996084259405e-18,6.294051656012683e-18
356,4508.449906787479,-1.8220769335496304e-18,5.111807005207084e-18
357,4511.198472500085,-1.3250642161404624e-18,5.1675077344575644e-18
358,4516.695568648731,6.127552212254689e-18,5.727040751394323e-18
359,4519.444098956254,1.0754543332533605e-17,6.1627294791387665e-18
360,4522.19261733357,-9.534940523458532e-18,5.383347670317269e-18
361,4524.941123716427,2.9142881462229585e-18,5.614018970150296e-18
362,4527.6896180405765,4.149741092150732e-18,5.269906612300903e-18
363,4530.438100241771,-1.8991313137252242e-18,4.927229195174205e-18
364,4535.935028018328,1.1423197705938755e-17,5.248939688464082e-18
365,4538.683473465214,7.620737572135174e-18,5.4339255260183775e-18
366,4541.431906532188,1.0702423990223416e-19,6.51613874263567e-18
367,4544.18032715502,-5.844314918548283e-19,5.119921096644637e-18
368,4557.922241359145,4.081532188696523e-18,5.6017367965072694e-18
369,4560.670585968423,-2.226677232890805e-18,5.39226317091902e-18
370,4568.915542177333,-5.69090128705694e-19,4.802845272595084e-18
371,4571.663834826645,9.746646641305518e-18,5.27451079166769e-18
372,4574.412114325461,-3.4866635343919814e-18,4.910205338579638e-18
373,4577.1603806095845,-1.7397256807663736e-18,5.586288319823133e-18
374,4585.405099531889,3.6751953493129194e-19,5.2995098519185175e-18
375,4590.901511563181,1.5118781820102304e-17,5.10108252840192e-18
376,4593.649697211212,2.0753901030913275e-18,5.113461779964746e-18
377,4599.1460274511755,1.2284817956609312e-18,5.1075804641095066e-18
378,4601.89417191477,-8.790590874617632e-18,5.146596318138836e-18
379,4604.6423025218855,1.8071744974662518e-17,6.2161923316641825e-18
380,4607.390419208361,5.84726250096239e-18,4.953301985356402e-18
381,4615.634685102391,1.1463341983714662e-17,5.894161067041576e-18
382,4618.3827454647635,1.0119942625485686e-17,6.4776448221785844e-18
383,4621.130791585741,5.1900533690875584e-18,5.4054881206235146e-18
384,4623.87882340118,1.5220231541676897e-17,5.833518712676338e-18
385,4626.626840846945,1.7582769883470528e-18,4.8904133929067466e-18
386,4632.122832372916,1.48147709280222e-18,5.01941459219811e-18
387,4637.6187656506145,1.080488854979122e-17,5.5471801228490166e-18
388,4640.366710286053,1.2743732358128344e-17,4.8767772006506945e-18
389,4643.11464016706,3.2353111869324607e-17,5.4148134698104505e-18
390,4648.610455409326,-4.1924086277535163e-19,5.373855209402976e-18
391,4651.358340642368,1.5727501712704825e-17,5.080367137798323e-18
392,4654.106210864541,7.658394295258162e-18,6.073390828744548e-18
393,4656.854066011748,-4.6636116669580705e-18,4.97669163695332e-18
394,4662.349730824876,7.453176562990383e-18,6.310384484861615e-18
395,4670.59311338001,-5.919850559484157e-18,4.763492750534764e-18
396,4673.340876731508,4.482165931355586e-18,5.3769386169180184e-18
397,4678.836356799721,2.1543346007919843e-18,5.0431736205654225e-18
398,4681.584073388299,1.925107013629162e-17,6.5483298492420936e-18
399,4687.079459354074,3.4773528476638627e-17,6.067031393697624e-18
400,4695.322419313434,-9.609251213721536e-18,4.7834988911152816e-18
401,4700.8176458795615,5.7175440195925245e-18,4.9615321925567576e-18
402,4717.30293559012,7.198838144281443e-18,5.1048355118225794e-18
403,4720.050426329717,-5.726468181096199e-18,5.158658601345114e-18
404,4728.292798618796,2.801297072691026e-18,6.049418525457282e-18
405,4731.040222525239,1.1497844196632374e-17,5.5961055965402655e-18
406,4733.787629563396,2.1895689056707852e-17,6.499468159890925e-18
407,4736.535019669272,3.364579101646347e-17,6.156113497293842e-18
408,4739.28239277888,2.89702647971918e-18,5.5949428375026754e-18
409,4742.029748828238,9.898481017191533e-19,4.982889447602053e-18
410,4747.524409490278,2.2113109558882813e-18,4.9752194104372364e-18
411,4750.271713975014,1.425037489953025e-17,5.5114997544113664e-18
412,4755.766270932079,4.213456238220417e-18,6.363878131900995e-18
413,4761.26075811286,2.4648904570619537e-17,5.424817325548005e-18
414,4764.007975377256,3.653133517578204e-17,5.9728099213925885e-18
415,4766.7551750057255,1.2630900293223319e-17,4.7514654306363315e-18
416,4769.502356934324,8.633957653688578e-18,5.567234883493097e-18
417,4774.996667436155,7.413848949235596e-18,5.6764480547296826e-18
418,4777.74379588152,1.1798200928048393e-17,5.790239415407303e-18
419,4788.732129467738,1.8717079117816438e-17,5.838091131642871e-18
420,4799.720171673729,-3.8099440823293144e-18,4.826586835320889e-18
421,4802.467136217797,2.7792447940744115e-20,5.145419732402158e-18
422,4805.2140822311085,7.03897979910836e-18,6.007585777988512e-18
423,4807.961009649779,-6.157537831615051e-18,5.246074102429592e-18
424,4813.454808447685,-1.2195642953342069e-17,5.250770072640169e-18
425,4816.201679699172,-2.5661522419728893e-18,4.8270164886994414e-18
426,4818.948532100525,1.4438948272577252e-17,6.017358445976454e-18
427,4821.695365587881,2.3624732074056888e-18,5.002843320811111e-18
428,4824.442180097381,-2.881529073214607e-18,4.819636533313283e-18
429,4827.188975565173,-6.985929770673631e-18,4.9471660407180346e-18
430,4832.682509120237,-7.450342864100932e-19,4.762047323711738e-18
431,4835.4292470798255,4.251950179988134e-18,5.2514283409507745e-18
432,4838.175965742334,-2.8900571498158897e-18,5.457323479518646e-18
433,4840.9226650439305,8.07235123318477e-18,5.3982558394413965e-18
434,4843.669344920791,1.9141635397011584e-17,6.0353137989647686e-18
435,4849.162646145014,1.9881735947132852e-17,5.5874366832980905e-18
436,4851.9092673647465,-1.2240941032392533e-18,5.102359572242416e-18
437,4854.65586890448,3.863524251588804e-17,5.867518773679382e-18
438,4857.402450700409,1.6562712176516331e-16,6.605436493852954e-18
439,4862.895554805664,6.544811946787395e-16,9.256535293801728e-18
440,4865.642076987404,2.8606882510821303e-16,7.212331394386919e-18
441,4868.3885791701705,1.1759720928501147e-16,6.62858984808493e-18
442,4871.135061290183,3.5102216111365555e-17,5.6370967358311386e-18
443,4873.881523283664,1.8328557944822808e-17,5.891778811958772e-18
444,4879.374386635953,2.1117190670459936e-17,5.579048276370657e-18
445,4882.120787867231,1.2031913691548432e-17,5.514096351478047e-18
446,4884.867168716922,3.0060566082669585e-19,5.241428260608646e-18
447,4893.106188338957,-1.5284718997805206e-18,6.5979109297052474e-18
448,4898.598765010364,1.741383395669111e-17,6.107410467935783e-18
449,4901.345022231884,4.34346737498887e-18,5.731789188935069e-18
450,4909.58366867503,8.621941634914591e-20,4.8285804208541294e-18
451,4912.3298422032285,8.67426466305527e-18,5.0398232409633e-18
452,4915.075994648823,1.1244213876552366e-17,4.9015956204579895e-18
453,4917.822125948114,1.6418719734178373e-17,4.968115310590834e-18
454,4920.568236037408,2.1659281592595038e-17,6.000915486141925e-18
455,4923.314324853015,1.199497394230474e-17,5.6243891352500865e-18
456,4928.806438408435,1.0891480203242814e-18,4.6646290379072874e-18
457,4931.552463020892,3.122167298033216e-18,4.821064125038266e-18
458,4934.298466104955,1.0746251621401833e-17,5.471718534509412e-18
459,4937.044447596956,-2.5714460039919023e-18,4.745905915952957e-18
460,4939.790407433237,-2.102485092122259e-18,4.670290743799114e-18
461,4948.0281563712415,4.650893311599825e-18,5.2500397903358926e-18
462,4950.774028948148,5.892189846651617e-18,5.4840419205188986e-18
463,4953.519879551112,8.96647734622603e-18,4.9867058110161536e-18
464,4956.265708116504,1.968336528820421e-17,6.046957092878462e-18
465,4959.0115145807,1.9172282183449832e-17,5.774236869634117e-18
466,4961.757298880082,7.611994879304613e-18,5.789842753177977e-18
467,4967.248800729953,1.6306892562074638e-17,5.3535071931786656e-18
468,4972.740213157266,1.76129801327164e-17,5.772444147991151e-18
469,4978.231535653259,-2.1211960611982647e-18,5.1504570736887196e-18
470,4980.977163018044,1.04538678430111e-17,6.179350886015344e-18
471,5005.686781362525,8.50873288910915e-18,6.0921230315366395e-18
472,5013.922904678505,1.2252884073797613e-17,4.949021155957961e-18
473,5016.66823232967,8.571445459346017e-18,4.915366653252397e-18
474,5022.158817069702,1.0049727428764237e-17,4.9257675340850736e-18
475,5027.6493073033525,3.5154094382493694e-18,4.6758799666953415e-18
476,5030.394516821559,7.305327548531503e-18,4.9073369793009975e-18
477,5033.139702522712,2.8937267775526256e-17,5.77871037843724e-18
478,5041.375116089128,1.5129378677340494e-18,4.861080990758786e-18
479,5044.120205887374,2.1027787226796848e-17,6.330357060893398e-18
480,5046.86527155125,2.2831754272608364e-17,5.871839551765039e-18
481,5052.355330222105,3.5320399222208145e-18,5.0075228491462855e-18
482,5055.10032310221,2.0206103122851724e-17,5.4785389894481195e-18
483,5057.84529159419,9.588951835042902e-18,5.074686484181432e-18
484,5060.5902356346205,3.2347655764373987e-18,5.113278153008664e-18
485,5063.3351551600845,5.252631229751032e-18,4.5763124509088724e-18
486,5071.569766012577,-3.9797203782859e-18,4.286203762487379e-18
487,5077.059382843657,1.0172849005140365e-17,4.4244047062393754e-18
488,5085.293621216662,-3.288701167734078e-18,4.512249751562461e-18
489,5093.527633820429,5.7770746383343764e-18,4.566338186338661e-18
490,5096.272254221739,2.0661651849548772e-18,4.338213708016181e-18
491,5099.016849284165,1.042031859308877e-17,5.1931858213700155e-18
492,5101.76141894437,2.4270387040418085e-17,5.662055688556722e-18
493,5104.505963139023,9.349077317834593e-18,5.0068996448636034e-18
494,5107.250481804798,1.5812069960250317e-17,5.15847682964986e-18
495,5109.994974878376,5.148568030964177e-18,4.808223857627219e-18
496,5115.483883995686,3.969887722951568e-18,5.036333101622013e-18
497,5118.228299912811,3.9184864411986764e-18,4.200076527882889e-18
498,5123.71705414752,9.885065602911084e-18,4.5613972253988816e-18
499,5126.46139233853,2.0363547425895696e-17,4.811209533666546e-18
500,5129.205704494271,1.5158210919063336e-17,4.8483252998857666e-18
501,5131.949990551472,6.308518767493967e-18,5.0684735941676184e-18
502,5134.694250446866,3.612146002491707e-17,5.471205184466344e-18
503,5137.438484117195,1.7264939663859038e-17,4.429155151002218e-18
504,5140.182691499204,-6.665863458003752e-19,4.3886184029862026e-18
505,5142.926872529646,-3.570445905354523e-18,5.1702047528174984e-18
506,5151.159256879187,-4.579880288436078e-18,4.479981032186309e-18
507,5156.647380195116,3.974159606218649e-18,4.5956390544308615e-18
508,5159.391401788302,-4.008867112960094e-18,4.063568265890785e-18
509,5162.135396587359,9.02128337479741e-18,4.862517489397505e-18
510,5164.87936452909,3.859108966530143e-18,5.2065291621477295e-18
511,5173.111106578439,5.059532305593503e-18,5.1037996561378346e-18
512,5181.342604637315,7.681154131667914e-18,5.140113439452486e-18
513,5184.086382808738,3.8749557270306255e-18,4.7132869818780666e-18
514,5186.8301336174745,1.7711248879841853e-19,4.32522034158496e-18
515,5189.573857000382,2.6248903864734873e-19,4.746818188602653e-18
516,5192.317552894327,7.540360418757846e-18,4.6519481809688166e-18
517,5195.061221236178,3.515051083459289e-18,4.515423980645079e-18
518,5197.804861962814,-8.14714827270501e-18,4.4105706730000785e-18
519,5200.548475011119,9.276481042973404e-18,4.4937471868929355e-18
520,5203.292060317983,-9.615194289721878e-19,4.255393583489982e-18
521,5208.779147454978,6.8139201946520746e-18,4.9050697647991784e-18
522,5214.266122869051,-1.0610420466549462e-18,4.6363788199224884e-18
523,5219.752986055556,1.5304750901449354e-17,5.940617179031697e-18
524,5222.496375405797,1.6175912624109813e-18,4.870486242259457e-18
525,5225.2397365099505,4.73705193154059e-18,4.7262209356735185e-18
526,5227.983069304965,-8.97844252672887e-19,4.742234442057238e-18
527,5233.469649715404,-1.1696120265598952e-18,4.82345094828e-18
528,5236.212897204759,1.2850494386637745e-17,5.144577730958077e-18
529,5238.956116132835,6.373510884926077e-18,4.486276449924032e-18
530,5241.699306436613,4.199970132479955e-18,5.5728771325077275e-18
531,5244.442468053081,-1.4601931846877905e-18,4.4878972980203884e-18
532,5252.671780148609,2.044326318151569e-18,4.5517553762549844e-18
533,5255.414826385852,1.0220944229953261e-18,4.255331251583568e-18
534,5258.157843620826,-5.556761432830365e-18,4.5232436149305515e-18
535,5263.643790832083,1.2357489493910524e-17,5.097648800734385e-18
536,5266.386720682443,1.2163228855860429e-17,5.055542367540856e-18
537,5271.872492557867,-7.31738138851575e-20,4.969719330752228e-18
538,5274.615334457049,1.738660414877589e-17,5.2396010942448385e-18
539,5277.358146913298,1.2330240886614288e-17,5.277371034501338e-18
540,5280.100929863693,-9.786711849827936e-20,4.5826010546202184e-18
541,5282.843683245312,-2.4751180775378372e-18,4.5276088919777255e-18
542,5285.586406995247,1.0113067857871309e-17,4.8320943882834294e-18
543,5291.0717653484535,-4.4313563013997795e-18,4.417038832202772e-18
544,5296.55700442016,1.049724498882458e-17,5.875733132454384e-18
545,5299.299579068248,8.307393718298234e-19,4.663625660230325e-18
546,5302.042123707329,4.745935964406242e-19,4.621903943578243e-18
547,5304.784638274541,2.2422094840933518e-17,4.6543225639369296e-18
548,5321.239090649138,3.106117843884621e-17,5.3332218567008615e-18
549,5323.9813929536995,-1.6146149517544592e-18,4.7856648255968315e-18
550,5329.465905776466,1.8473255220587642e-18,5.175827502021595e-18
551,5332.208116169077,1.2808420937808449e-17,5.156234872790315e-18
552,5340.434562518424,2.0281984188148505e-17,4.5498874716741156e-18
553,5343.176649482806,1.997065854126213e-18,4.671558945788809e-18
554,5351.402724041155,2.0107876947606658e-17,5.322430687909208e-18
555,5354.144686573196,-2.8970630310947296e-18,4.908387432184553e-18
556,5365.112223424943,8.321558519538405e-18,5.364718675839912e-18
557,5373.337545367731,6.414732575377491e-18,5.696969298554094e-18
558,5381.562581976187,-4.6545818077407555e-18,4.301022344108438e-18
559,5384.3041971456,1.1115545344000489e-17,5.9377402968506144e-18
560,5387.045780360555,1.818299333604483e-18,4.68906726027613e-18
561,5389.787331558413,4.380816959781757e-18,4.539568071171118e-18
562,5400.753214926316,-4.0844536498267914e-18,4.9984172300519826e-18
563,5403.494605099335,1.4613454465571594e-17,5.150039827632104e-18
564,5408.9772882044235,3.975747913060393e-18,5.307600070563883e-18
565,5411.718581011322,1.5859588217971788e-17,5.8143317927436634e-18
566,5428.165651472007,7.196238303183063e-18,4.909951300037261e-18
567,5430.906714901558,1.5730949260241742e-17,5.891567819958269e-18
568,5436.3887426431365,1.0920564837739524e-17,5.310509226777538e-18
569,5450.093230894756,-1.6911245802210113e-18,4.4313304539705026e-18
570,5452.834028427658,-5.2492639076732004e-18,4.5479493025658594e-18
571,5458.31552287632,6.389831947592875e-18,5.342313830898048e-18
572,5461.056219667181,-1.9570667412320844e-18,5.196303518964986e-18
573,5463.796882752477,8.881925638080504e-18,5.276535682803008e-18
574,5466.537512069782,1.8874125407314236e-18,5.0490419225114214e-18
575,5472.0186691507315,9.609610431779933e-18,6.174770412952322e-18
576,5477.499690410757,-1.9404568113139833e-18,5.1907444851825424e-18
577,5482.980575350705,3.673611500841781e-18,5.461163518270248e-18
578,5485.720966544701,1.1490762383693633e-17,6.729907059671646e-18
579,5488.461323471551,1.0441127453751569e-17,5.5420689482717185e-18
580,5496.682188025694,-8.021543332084534e-19,4.950856466631685e-18
581,5499.422407260463,1.1959588242986673e-17,5.013442289525966e-18
582,5502.1625919163735,3.3533389962086058e-18,4.8965316247849694e-18
583,5504.90274193111,-4.895887569990814e-18,4.897040214641545e-18
584,5507.6428572423565,1.2398822025231416e-17,5.4408542103822356e-18
585,5510.382937787815,1.3888439897824036e-17,5.1224903622856886e-18
586,5515.862994332187,-3.8885765967507896e-18,4.67436646180383e-18
587,5521.342911065961,1.7056032483658091e-18,4.7489408643013244e-18
588,5524.082816848202,-9.307106321473621e-19,4.9981671235176365e-18
589,5526.822687491002,-6.4298430278725035e-18,5.3489144805948676e-18
590,5529.562522932117,-8.98556584396879e-18,4.8428715785724e-18
591,5532.302323109306,2.074301824396929e-18,4.9754107858240036e-18
592,5537.7818174229915,-8.632142734059473e-18,4.6554187069910265e-18
593,5540.521511435053,1.8049264444992277e-18,6.289439358741795e-18
594,5543.261169934314,5.0973281974873826e-18,6.0654949700922146e-18
595,5548.740380145657,-1.0883418401036021e-18,5.118654239279682e-18
596,5559.698371678583,-1.5412169394063905e-18,5.161107147126119e-18
597,5562.437779847162,-5.490477852479678e-18,5.3155057756345265e-18
598,5565.177152005588,2.433188536635937e-18,4.9827340267117216e-18
599,5567.916488091727,1.1748421999160113e-17,5.540216137362696e-18
600,5573.395051798657,8.696616089693824e-18,4.87411153004441e-18
601,5578.873470471058,2.378477549213213e-18,5.3059673253774694e-18
602,5581.612625264068,1.0155811535024641e-17,5.7757896027904104e-18
603,5587.090825453293,5.933199349675246e-18,4.621932261830241e-18
604,5595.307851314162,-3.8983651084077656e-18,5.0260945109146234e-18
605,5603.5245463783385,1.5410848610018205e-18,4.986460326784488e-18
606,5606.263370933224,9.93575167636643e-18,5.329389990417388e-18
607,5611.740908971183,2.3946347634599738e-17,5.198176770805941e-18
608,5617.218298500112,1.5261936870127785e-17,5.644813549253686e-18
609,5630.911119341965,3.7719260789750095e-18,5.330297364972005e-18
610,5636.387985185629,-1.1322006878432198e-18,4.361146122297225e-18
611,5639.126361611242,8.128127781591123e-19,5.318503047567475e-18
612,5641.864700290167,1.411377060360604e-18,4.9517914548806934e-18
613,5644.603001160509,3.374113076504774e-18,5.134094619018324e-18
614,5647.341264160378,2.82122362260111e-17,5.873690185855569e-18
615,5650.0794892279,9.857491919100337e-18,6.3353388317373894e-18
616,5652.817676301203,-2.299112223532333e-18,4.411888004904113e-18
617,5655.555825318428,9.00119658879885e-19,4.7333024323661355e-18
618,5658.293936217721,1.1042559133908889e-17,5.7511809891334725e-18
619,5663.770043415149,4.1535934911190926e-18,5.1246296406809794e-18
620,5666.508039589623,1.0821044747709501e-17,5.128425297005186e-18
621,5669.245997398843,1.010673809732885e-17,5.276530169449163e-18
622,5671.983916781003,-3.928935230774599e-18,4.948826910717409e-18
623,5674.721797674304,5.0299949905913696e-18,5.3101463430987195e-18
624,5677.459640016953,-6.451340523819172e-18,4.9699946252237856e-18
625,5685.672935123215,6.242922720916038e-18,4.927939225809069e-18
626,5693.885881049995,3.593068070125202e-18,5.2331756875711595e-18
627,5699.360983522713,2.0375606529973114e-18,4.6137412255557195e-18
